4 136
5 210
6 354
7 556
8 568
9 818
10 830
11 1290
12 1302
13 1936
14 1948
15 2012
16 2024
17 2802
18 2814
19 2878
20 2890
21 4298
22 4310
23 4374
24 4386
25 6316
26 6328
27 6392
28 6404
29 6624
30 6636
31 6700
32 6712
33 9074
34 9086
35 9150
36 9162
37 9382
38 9394
39 9458
40 9470
41 13722
42 13734
43 13798
44 13810
45 14030
46 14042
47 14106
48 14118
49 19936
50 19948
51 20012
52 20024
53 20244
54 20256
55 20320
56 20332
57 21020
58 21032
59 21096
60 21108
61 21328
62 21340
63 21404
64 21416
65 28530
66 28542
67 28606
68 28618
69 28838
70 28850
71 28914
72 28926
73 29614
74 29626
75 29690
76 29702
77 29922
78 29934
79 29998
80 30010
81 42794
82 42806
83 42870
84 42882
85 43102
86 43114
87 43178
88 43190
89 43878
90 43890
91 43954
92 43966
93 44186
94 44198
95 44262
96 44274
97 61756
98 61768
99 61832
100 61844
101 62064
102 62076
103 62140
104 62152
105 62840
106 62852
107 62916
108 62928
109 63148
110 63160
111 63224
112 63236
113 65328
114 65340
115 65404
116 65416
117 65636
118 65648
119 65712
120 65724
121 66412
122 66424
123 66488
124 66500
125 66720
126 66732
127 66796
128 66808
129 88178
130 88190
131 88254
132 88266
133 88486
134 88498
135 88562
136 88574
137 89262
138 89274
139 89338
140 89350
141 89570
142 89582
143 89646
144 89658
145 91750
146 91762
147 91826
148 91838
149 92058
150 92070
151 92134
152 92146
153 92834
154 92846
155 92910
156 92922
157 93142
158 93154
159 93218
160 93230
161 131610
162 131622
163 131686
164 131698
165 131918
166 131930
167 131994
168 132006
169 132694
170 132706
171 132770
172 132782
173 133002
174 133014
175 133078
176 133090
177 135182
178 135194
179 135258
180 135270
181 135490
182 135502
183 135566
184 135578
185 136266
186 136278
187 136342
188 136354
189 136574
190 136586
191 136650
192 136662
193 189136
194 189148
195 189212
196 189224
197 189444
198 189456
199 189520
200 189532
201 190220
202 190232
203 190296
204 190308
205 190528
206 190540
207 190604
208 190616
209 192708
210 192720
211 192784
212 192796
213 193016
214 193028
215 193092
216 193104
217 193792
218 193804
219 193868
220 193880
221 194100
222 194112
223 194176
224 194188
225 200492
226 200504
227 200568
228 200580
229 200800
230 200812
231 200876
232 200888
233 201576
234 201588
235 201652
236 201664
237 201884
238 201896
239 201960
240 201972
241 204064
242 204076
243 204140
244 204152
245 204372
246 204384
247 204448
248 204460
249 205148
250 205160
251 205224
252 205236
253 205456
254 205468
255 205532
256 205544
257 269682
258 269694
259 269758
260 269770
261 269990
262 270002
263 270066
264 270078
265 270766
266 270778
267 270842
268 270854
269 271074
270 271086
271 271150
272 271162
273 273254
274 273266
275 273330
276 273342
277 273562
278 273574
279 273638
280 273650
281 274338
282 274350
283 274414
284 274426
285 274646
286 274658
287 274722
288 274734
289 281038
290 281050
291 281114
292 281126
293 281346
294 281358
295 281422
296 281434
297 282122
298 282134
299 282198
300 282210
301 282430
302 282442
303 282506
304 282518
305 284610
306 284622
307 284686
308 284698
309 284918
310 284930
311 284994
312 285006
313 285694
314 285706
315 285770
316 285782
317 286002
318 286014
319 286078
320 286090
321 401258
322 401270
323 401334
324 401346
325 401566
326 401578
327 401642
328 401654
329 402342
330 402354
331 402418
332 402430
333 402650
334 402662
335 402726
336 402738
337 404830
338 404842
339 404906
340 404918
341 405138
342 405150
343 405214
344 405226
345 405914
346 405926
347 405990
348 406002
349 406222
350 406234
351 406298
352 406310
353 412614
354 412626
355 412690
356 412702
357 412922
358 412934
359 412998
360 413010
361 413698
362 413710
363 413774
364 413786
365 414006
366 414018
367 414082
368 414094
369 416186
370 416198
371 416262
372 416274
373 416494
374 416506
375 416570
376 416582
377 417270
378 417282
379 417346
380 417358
381 417578
382 417590
383 417654
384 417666
385 575116
386 575128
387 575192
388 575204
389 575424
390 575436
391 575500
392 575512
393 576200
394 576212
395 576276
396 576288
397 576508
398 576520
399 576584
400 576596
